domainID,dateShipped,shipmentID,senderID,sentTo,shipmentService,shipmentMethod,trackingNumber,quarantineStatus,sampleID,sampleCode,sampleClass,sampleType,namedlocation,collectdate,,,SIRFER ID
D08,3/26/25,D082025032692651637,pettyk@battelleecology.org,SIRFER Lab at University of Utah,FedEx,Ground,# 880082799243,N,BBC.DELA037144.2024.0-1.POOL.CN,A00000461006,bbc_chemistryPooling_in.cnSampleID,toxicodendronPossible,DELA_037.basePlot.bbc,2024-07-22T13:15,,,25-096.1
D08,3/26/25,D082025032692651637,pettyk@battelleecology.org,SIRFER Lab at University of Utah,FedEx,Ground,# 880082799243,N,BBC.DELA037144.2024.1-2.POOL.CN,A00000460996,bbc_chemistryPooling_in.cnSampleID,toxicodendronPossible,DELA_037.basePlot.bbc,2024-07-22T13:15,,,25-096.2
D08,3/26/25,D082025032692651637,pettyk@battelleecology.org,SIRFER Lab at University of Utah,FedEx,Ground,# 880082799243,N,BBC.DELA037144.2024.2-10.POOL.CN,A00000460986,bbc_chemistryPooling_in.cnSampleID,toxicodendronPossible,DELA_037.basePlot.bbc,2024-07-22T13:15,,,25-096.3
D08,3/26/25,D082025032692651637,pettyk@battelleecology.org,SIRFER Lab at University of Utah,FedEx,Ground,# 880082799243,N,BBC.DELA037454.2024.0-1.POOL.CN,A00000460968,bbc_chemistryPooling_in.cnSampleID,toxicodendronPossible,DELA_037.basePlot.bbc,2024-07-22T13:01,,,25-096.4
D08,3/26/25,D082025032692651637,pettyk@battelleecology.org,SIRFER Lab at University of Utah,FedEx,Ground,# 880082799243,N,BBC.DELA037454.2024.1-2.POOL.CN,A00000460980,bbc_chemistryPooling_in.cnSampleID,toxicodendronPossible,DELA_037.basePlot.bbc,2024-07-22T13:01,,,25-096.5
D08,3/26/25,D082025032692651637,pettyk@battelleecology.org,SIRFER Lab at University of Utah,FedEx,Ground,# 880082799243,N,BBC.DELA037454.2024.2-10.POOL.CN,A00000461244,bbc_chemistryPooling_in.cnSampleID,toxicodendronPossible,DELA_037.basePlot.bbc,2024-07-22T13:01,,,25-096.6
D08,3/26/25,D082025032692651637,pettyk@battelleecology.org,SIRFER Lab at University of Utah,FedEx,Ground,# 880082799243,N,BBC.DELA038166.2024.0-1.POOL.CN,A00000461601,bbc_chemistryPooling_in.cnSampleID,standardSample,DELA_038.basePlot.bbc,2024-07-17T09:33,,,25-096.7
D08,3/26/25,D082025032692651637,pettyk@battelleecology.org,SIRFER Lab at University of Utah,FedEx,Ground,# 880082799243,N,BBC.DELA038166.2024.1-2.POOL.CN,A00000461224,bbc_chemistryPooling_in.cnSampleID,standardSample,DELA_038.basePlot.bbc,2024-07-17T09:33,,,25-096.8
D08,3/26/25,D082025032692651637,pettyk@battelleecology.org,SIRFER Lab at University of Utah,FedEx,Ground,# 880082799243,N,BBC.DELA038166.2024.2-10.POOL.CN,A00000461570,bbc_chemistryPooling_in.cnSampleID,standardSample,DELA_038.basePlot.bbc,2024-07-17T09:33,,,25-096.9
D08,3/26/25,D082025032692651637,pettyk@battelleecology.org,SIRFER Lab at University of Utah,FedEx,Ground,# 880082799243,N,BBC.DELA038705.2024.0-1.POOL.CN,A00000461554,bbc_chemistryPooling_in.cnSampleID,standardSample,DELA_038.basePlot.bbc,2024-07-17T09:48,,,25-096.10
D08,3/26/25,D082025032692651637,pettyk@battelleecology.org,SIRFER Lab at University of Utah,FedEx,Ground,# 880082799243,N,BBC.DELA038705.2024.1-2.POOL.CN,A00000461538,bbc_chemistryPooling_in.cnSampleID,standardSample,DELA_038.basePlot.bbc,2024-07-17T09:48,,,25-096.11
D08,3/26/25,D082025032692651637,pettyk@battelleecology.org,SIRFER Lab at University of Utah,FedEx,Ground,# 880082799243,N,BBC.DELA038705.2024.2-10.POOL.CN,A00000461617,bbc_chemistryPooling_in.cnSampleID,standardSample,DELA_038.basePlot.bbc,2024-07-17T09:48,,,25-096.12
D08,3/26/25,D082025032692651637,pettyk@battelleecology.org,SIRFER Lab at University of Utah,FedEx,Ground,# 880082799243,N,BBC.DELA039369.2024.0-1.POOL.CN,A00000461234,bbc_chemistryPooling_in.cnSampleID,toxicodendronPossible,DELA_039.basePlot.bbc,2024-07-17T10:33,,,25-096.13
D08,3/26/25,D082025032692651637,pettyk@battelleecology.org,SIRFER Lab at University of Utah,FedEx,Ground,# 880082799243,N,BBC.DELA039369.2024.1-2.POOL.CN,A00000461585,bbc_chemistryPooling_in.cnSampleID,toxicodendronPossible,DELA_039.basePlot.bbc,2024-07-17T10:33,,,25-096.14
D08,3/26/25,D082025032692651637,pettyk@battelleecology.org,SIRFER Lab at University of Utah,FedEx,Ground,# 880082799243,N,BBC.DELA039369.2024.2-10.POOL.CN,A00000461569,bbc_chemistryPooling_in.cnSampleID,toxicodendronPossible,DELA_039.basePlot.bbc,2024-07-17T10:33,,,25-096.15
D08,3/26/25,D082025032692651637,pettyk@battelleecology.org,SIRFER Lab at University of Utah,FedEx,Ground,# 880082799243,N,BBC.DELA039588.2024.0-1.POOL.CN,A00000461553,bbc_chemistryPooling_in.cnSampleID,standardSample,DELA_039.basePlot.bbc,2024-07-17T10:17,,,25-096.16
D08,3/26/25,D082025032692651637,pettyk@battelleecology.org,SIRFER Lab at University of Utah,FedEx,Ground,# 880082799243,N,BBC.DELA039588.2024.1-2.POOL.CN,A00000461537,bbc_chemistryPooling_in.cnSampleID,standardSample,DELA_039.basePlot.bbc,2024-07-17T10:17,,,25-096.17
D08,3/26/25,D082025032692651637,pettyk@battelleecology.org,SIRFER Lab at University of Utah,FedEx,Ground,# 880082799243,N,BBC.DELA039588.2024.2-10.POOL.CN,A00000461328,bbc_chemistryPooling_in.cnSampleID,standardSample,DELA_039.basePlot.bbc,2024-07-17T10:17,,,25-096.18
D08,3/26/25,D082025032692651637,pettyk@battelleecology.org,SIRFER Lab at University of Utah,FedEx,Ground,# 880082799243,N,BBC.DELA040144.2024.0-1.POOL.CN,A00000461327,bbc_chemistryPooling_in.cnSampleID,standardSample,DELA_040.basePlot.bbc,2024-07-18T13:12,,,25-096.19
D08,3/26/25,D082025032692651637,pettyk@battelleecology.org,SIRFER Lab at University of Utah,FedEx,Ground,# 880082799243,N,BBC.DELA040144.2024.1-2.POOL.CN,A00000461326,bbc_chemistryPooling_in.cnSampleID,standardSample,DELA_040.basePlot.bbc,2024-07-18T13:12,,,25-096.20
D08,3/26/25,D082025032692651637,pettyk@battelleecology.org,SIRFER Lab at University of Utah,FedEx,Ground,# 880082799243,N,BBC.DELA040144.2024.2-10.POOL.CN,A00000461325,bbc_chemistryPooling_in.cnSampleID,standardSample,DELA_040.basePlot.bbc,2024-07-18T13:12,,,25-096.21
D08,3/26/25,D082025032692651637,pettyk@battelleecology.org,SIRFER Lab at University of Utah,FedEx,Ground,# 880082799243,N,BBC.DELA040300.2024.0-1.POOL.CN,A00000461324,bbc_chemistryPooling_in.cnSampleID,standardSample,DELA_040.basePlot.bbc,2024-07-18T13:30,,,25-096.22
D08,3/26/25,D082025032692651637,pettyk@battelleecology.org,SIRFER Lab at University of Utah,FedEx,Ground,# 880082799243,N,BBC.DELA040300.2024.1-2.POOL.CN,A00000461323,bbc_chemistryPooling_in.cnSampleID,standardSample,DELA_040.basePlot.bbc,2024-07-18T13:30,,,25-096.23
D08,3/26/25,D082025032692651637,pettyk@battelleecology.org,SIRFER Lab at University of Utah,FedEx,Ground,# 880082799243,N,BBC.DELA040300.2024.2-10.POOL.CN,A00000461312,bbc_chemistryPooling_in.cnSampleID,standardSample,DELA_040.basePlot.bbc,2024-07-18T13:30,,,25-096.24
D08,3/26/25,D082025032692651637,pettyk@battelleecology.org,SIRFER Lab at University of Utah,FedEx,Ground,# 880082799243,N,BBC.DELA041166.2024.0-1.POOL.CN,A00000461036,bbc_chemistryPooling_in.cnSampleID,toxicodendronPossible,DELA_041.basePlot.bbc,2024-07-18T10:05,,,25-096.25
D08,3/26/25,D082025032692651637,pettyk@battelleecology.org,SIRFER Lab at University of Utah,FedEx,Ground,# 880082799243,N,BBC.DELA041166.2024.1-2.POOL.CN,A00000461037,bbc_chemistryPooling_in.cnSampleID,toxicodendronPossible,DELA_041.basePlot.bbc,2024-07-18T10:05,,,25-096.26
D08,3/26/25,D082025032692651637,pettyk@battelleecology.org,SIRFER Lab at University of Utah,FedEx,Ground,# 880082799243,N,BBC.DELA041166.2024.2-10.POOL.CN,A00000461038,bbc_chemistryPooling_in.cnSampleID,toxicodendronPossible,DELA_041.basePlot.bbc,2024-07-18T10:05,,,25-096.27
D08,3/26/25,D082025032692651637,pettyk@battelleecology.org,SIRFER Lab at University of Utah,FedEx,Ground,# 880082799243,N,BBC.DELA041610.2024.0-1.POOL.CN,A00000461039,bbc_chemistryPooling_in.cnSampleID,toxicodendronPossible,DELA_041.basePlot.bbc,2024-07-18T09:44,,,25-096.28
D08,3/26/25,D082025032692651637,pettyk@battelleecology.org,SIRFER Lab at University of Utah,FedEx,Ground,# 880082799243,N,BBC.DELA041610.2024.1-2.POOL.CN,A00000461040,bbc_chemistryPooling_in.cnSampleID,toxicodendronPossible,DELA_041.basePlot.bbc,2024-07-18T09:44,,,25-096.29
D08,3/26/25,D082025032692651637,pettyk@battelleecology.org,SIRFER Lab at University of Utah,FedEx,Ground,# 880082799243,N,BBC.DELA041610.2024.2-10.POOL.CN,A00000461041,bbc_chemistryPooling_in.cnSampleID,toxicodendronPossible,DELA_041.basePlot.bbc,2024-07-18T09:44,,,25-096.30
D08,3/26/25,D082025032692651637,pettyk@battelleecology.org,SIRFER Lab at University of Utah,FedEx,Ground,# 880082799243,N,BBC.DELA042369.2024.0-1.POOL.CN,A00000461042,bbc_chemistryPooling_in.cnSampleID,toxicodendronPossible,DELA_042.basePlot.bbc,2024-07-17T11:10,,,25-096.31
D08,3/26/25,D082025032692651637,pettyk@battelleecology.org,SIRFER Lab at University of Utah,FedEx,Ground,# 880082799243,N,BBC.DELA042369.2024.1-2.POOL.CN,A00000461043,bbc_chemistryPooling_in.cnSampleID,toxicodendronPossible,DELA_042.basePlot.bbc,2024-07-17T11:10,,,25-096.32
D08,3/26/25,D082025032692651637,pettyk@battelleecology.org,SIRFER Lab at University of Utah,FedEx,Ground,# 880082799243,N,BBC.DELA042369.2024.2-10.POOL.CN,A00000461044,bbc_chemistryPooling_in.cnSampleID,toxicodendronPossible,DELA_042.basePlot.bbc,2024-07-17T11:10,,,25-096.33
D08,3/26/25,D082025032692651637,pettyk@battelleecology.org,SIRFER Lab at University of Utah,FedEx,Ground,# 880082799243,N,BBC.DELA042588.2024.0-1.POOL.CN,A00000461045,bbc_chemistryPooling_in.cnSampleID,standardSample,DELA_042.basePlot.bbc,2024-07-17T11:00,,,25-096.34
D08,3/26/25,D082025032692651637,pettyk@battelleecology.org,SIRFER Lab at University of Utah,FedEx,Ground,# 880082799243,N,BBC.DELA042588.2024.1-2.POOL.CN,A00000461046,bbc_chemistryPooling_in.cnSampleID,standardSample,DELA_042.basePlot.bbc,2024-07-17T11:00,,,25-096.35
D08,3/26/25,D082025032692651637,pettyk@battelleecology.org,SIRFER Lab at University of Utah,FedEx,Ground,# 880082799243,N,BBC.DELA042588.2024.2-10.POOL.CN,A00000461047,bbc_chemistryPooling_in.cnSampleID,standardSample,DELA_042.basePlot.bbc,2024-07-17T11:00,,,25-096.36
D08,3/26/25,D082025032692651637,pettyk@battelleecology.org,SIRFER Lab at University of Utah,FedEx,Ground,# 880082799243,N,BBC.DELA043331.2024.0-1.POOL.CN,A00000461048,bbc_chemistryPooling_in.cnSampleID,standardSample,DELA_043.basePlot.bbc,2024-07-18T11:22,,,25-096.37
D08,3/26/25,D082025032692651637,pettyk@battelleecology.org,SIRFER Lab at University of Utah,FedEx,Ground,# 880082799243,N,BBC.DELA043331.2024.1-2.POOL.CN,A00000461049,bbc_chemistryPooling_in.cnSampleID,standardSample,DELA_043.basePlot.bbc,2024-07-18T11:22,,,25-096.38
D08,3/26/25,D082025032692651637,pettyk@battelleecology.org,SIRFER Lab at University of Utah,FedEx,Ground,# 880082799243,N,BBC.DELA043331.2024.2-10.POOL.CN,A00000461050,bbc_chemistryPooling_in.cnSampleID,standardSample,DELA_043.basePlot.bbc,2024-07-18T11:22,,,25-096.39
D08,3/26/25,D082025032692651637,pettyk@battelleecology.org,SIRFER Lab at University of Utah,FedEx,Ground,# 880082799243,N,BBC.DELA043655.2024.0-1.POOL.CN,A00000461051,bbc_chemistryPooling_in.cnSampleID,standardSample,DELA_043.basePlot.bbc,2024-07-18T11:03,,,25-096.40
D08,3/26/25,D082025032692651637,pettyk@battelleecology.org,SIRFER Lab at University of Utah,FedEx,Ground,# 880082799243,N,BBC.DELA043655.2024.1-2.POOL.CN,A00000461052,bbc_chemistryPooling_in.cnSampleID,standardSample,DELA_043.basePlot.bbc,2024-07-18T11:03,,,25-096.41
D08,3/26/25,D082025032692651637,pettyk@battelleecology.org,SIRFER Lab at University of Utah,FedEx,Ground,# 880082799243,N,BBC.DELA043655.2024.2-10.POOL.CN,A00000460801,bbc_chemistryPooling_in.cnSampleID,standardSample,DELA_043.basePlot.bbc,2024-07-18T11:03,,,25-096.42
D08,3/26/25,D082025032692651637,pettyk@battelleecology.org,SIRFER Lab at University of Utah,FedEx,Ground,# 880082799243,N,BBC.DELA044390.2024.0-1.POOL.CN,A00000461054,bbc_chemistryPooling_in.cnSampleID,standardSample,DELA_044.basePlot.bbc,2024-07-23T13:29,,,25-096.43
D08,3/26/25,D082025032692651637,pettyk@battelleecology.org,SIRFER Lab at University of Utah,FedEx,Ground,# 880082799243,N,BBC.DELA044390.2024.1-2.POOL.CN,A00000461055,bbc_chemistryPooling_in.cnSampleID,standardSample,DELA_044.basePlot.bbc,2024-07-23T13:29,,,25-096.44
D08,3/26/25,D082025032692651637,pettyk@battelleecology.org,SIRFER Lab at University of Utah,FedEx,Ground,# 880082799243,N,BBC.DELA044390.2024.2-10.POOL.CN,A00000460847,bbc_chemistryPooling_in.cnSampleID,standardSample,DELA_044.basePlot.bbc,2024-07-23T13:29,,,25-096.45
D08,3/26/25,D082025032692651637,pettyk@battelleecology.org,SIRFER Lab at University of Utah,FedEx,Ground,# 880082799243,N,BBC.DELA044823.2024.0-1.POOL.CN,A00000460831,bbc_chemistryPooling_in.cnSampleID,toxicodendronPossible,DELA_044.basePlot.bbc,2024-07-23T13:16,,,25-096.46
D08,3/26/25,D082025032692651637,pettyk@battelleecology.org,SIRFER Lab at University of Utah,FedEx,Ground,# 880082799243,N,BBC.DELA044823.2024.1-2.POOL.CN,A00000460815,bbc_chemistryPooling_in.cnSampleID,toxicodendronPossible,DELA_044.basePlot.bbc,2024-07-23T13:16,,,25-096.47
D08,3/26/25,D082025032692651637,pettyk@battelleecology.org,SIRFER Lab at University of Utah,FedEx,Ground,# 880082799243,N,BBC.DELA044823.2024.2-10.POOL.CN,A00000460799,bbc_chemistryPooling_in.cnSampleID,toxicodendronPossible,DELA_044.basePlot.bbc,2024-07-23T13:16,,,25-096.48
D08,3/26/25,D082025032692651637,pettyk@battelleecology.org,SIRFER Lab at University of Utah,FedEx,Ground,# 880082799243,N,BBC.DELA045258.2024.0-1.POOL.CN,A00000460864,bbc_chemistryPooling_in.cnSampleID,toxicodendronPossible,DELA_045.basePlot.bbc,2024-07-22T08:38,,,25-096.49
D08,3/26/25,D082025032692651637,pettyk@battelleecology.org,SIRFER Lab at University of Utah,FedEx,Ground,# 880082799243,N,BBC.DELA045258.2024.1-2.POOL.CN,A00000460848,bbc_chemistryPooling_in.cnSampleID,toxicodendronPossible,DELA_045.basePlot.bbc,2024-07-22T08:38,,,25-096.50
D08,3/26/25,D082025032692651637,pettyk@battelleecology.org,SIRFER Lab at University of Utah,FedEx,Ground,# 880082799243,N,BBC.DELA045258.2024.2-10.POOL.CN,A00000460832,bbc_chemistryPooling_in.cnSampleID,toxicodendronPossible,DELA_045.basePlot.bbc,2024-07-22T08:38,,,25-096.51
D08,3/26/25,D082025032692651637,pettyk@battelleecology.org,SIRFER Lab at University of Utah,FedEx,Ground,# 880082799243,N,BBC.DELA045931.2024.0-1.POOL.CN,A00000460816,bbc_chemistryPooling_in.cnSampleID,standardSample,DELA_045.basePlot.bbc,2024-07-22T09:04,,,25-096.52
D08,3/26/25,D082025032692651637,pettyk@battelleecology.org,SIRFER Lab at University of Utah,FedEx,Ground,# 880082799243,N,BBC.DELA045931.2024.1-2.POOL.CN,A00000460800,bbc_chemistryPooling_in.cnSampleID,standardSample,DELA_045.basePlot.bbc,2024-07-22T09:04,,,25-096.53
D08,3/26/25,D082025032692651637,pettyk@battelleecology.org,SIRFER Lab at University of Utah,FedEx,Ground,# 880082799243,N,BBC.DELA045931.2024.2-10.POOL.CN,A00000461056,bbc_chemistryPooling_in.cnSampleID,standardSample,DELA_045.basePlot.bbc,2024-07-22T09:04,,,25-096.54
D08,3/26/25,D082025032692651637,pettyk@battelleecology.org,SIRFER Lab at University of Utah,FedEx,Ground,# 880082799243,N,BBC.DELA046080.2024.0-1.POOL.CN,A00000460829,bbc_chemistryPooling_in.cnSampleID,toxicodendronPossible,DELA_046.basePlot.bbc,2024-07-23T08:55,,,25-096.55
D08,3/26/25,D082025032692651637,pettyk@battelleecology.org,SIRFER Lab at University of Utah,FedEx,Ground,# 880082799243,N,BBC.DELA046080.2024.1-2.POOL.CN,A00000460813,bbc_chemistryPooling_in.cnSampleID,toxicodendronPossible,DELA_046.basePlot.bbc,2024-07-23T08:55,,,25-096.56
D08,3/26/25,D082025032692651637,pettyk@battelleecology.org,SIRFER Lab at University of Utah,FedEx,Ground,# 880082799243,N,BBC.DELA046080.2024.2-10.POOL.CN,A00000460797,bbc_chemistryPooling_in.cnSampleID,toxicodendronPossible,DELA_046.basePlot.bbc,2024-07-23T08:55,,,25-096.57
D08,3/26/25,D082025032692651637,pettyk@battelleecology.org,SIRFER Lab at University of Utah,FedEx,Ground,# 880082799243,N,BBC.DELA046567.2024.0-1.POOL.CN,A00000460862,bbc_chemistryPooling_in.cnSampleID,toxicodendronPossible,DELA_046.basePlot.bbc,2024-07-23T08:35,,,25-096.58
D08,3/26/25,D082025032692651637,pettyk@battelleecology.org,SIRFER Lab at University of Utah,FedEx,Ground,# 880082799243,N,BBC.DELA046567.2024.1-2.POOL.CN,A00000460798,bbc_chemistryPooling_in.cnSampleID,toxicodendronPossible,DELA_046.basePlot.bbc,2024-07-23T08:35,,,25-096.59
D08,3/26/25,D082025032692651637,pettyk@battelleecology.org,SIRFER Lab at University of Utah,FedEx,Ground,# 880082799243,N,BBC.DELA046567.2024.2-10.POOL.CN,A00000460814,bbc_chemistryPooling_in.cnSampleID,toxicodendronPossible,DELA_046.basePlot.bbc,2024-07-23T08:35,,,25-096.60
D08,3/26/25,D082025032692651637,pettyk@battelleecology.org,SIRFER Lab at University of Utah,FedEx,Ground,# 880082799243,N,BBC.DELA047173.2024.0-1.POOL.CN,A00000460846,bbc_chemistryPooling_in.cnSampleID,standardSample,DELA_047.basePlot.bbc,2024-07-22T12:06,,,25-096.61
D08,3/26/25,D082025032692651637,pettyk@battelleecology.org,SIRFER Lab at University of Utah,FedEx,Ground,# 880082799243,N,BBC.DELA047173.2024.1-2.POOL.CN,A00000460830,bbc_chemistryPooling_in.cnSampleID,standardSample,DELA_047.basePlot.bbc,2024-07-22T12:06,,,25-096.62
D08,3/26/25,D082025032692651637,pettyk@battelleecology.org,SIRFER Lab at University of Utah,FedEx,Ground,# 880082799243,N,BBC.DELA047173.2024.2-10.POOL.CN,A00000460863,bbc_chemistryPooling_in.cnSampleID,standardSample,DELA_047.basePlot.bbc,2024-07-22T12:06,,,25-096.63
D08,3/26/25,D082025032692651637,pettyk@battelleecology.org,SIRFER Lab at University of Utah,FedEx,Ground,# 880082799243,N,BBC.DELA047672.2024.0-1.POOL.CN,A00000460843,bbc_chemistryPooling_in.cnSampleID,toxicodendronPossible,DELA_047.basePlot.bbc,2024-07-22T11:49,,,25-096.64
D08,3/26/25,D082025032692651637,pettyk@battelleecology.org,SIRFER Lab at University of Utah,FedEx,Ground,# 880082799243,N,BBC.DELA047672.2024.1-2.POOL.CN,A00000460827,bbc_chemistryPooling_in.cnSampleID,toxicodendronPossible,DELA_047.basePlot.bbc,2024-07-22T11:49,,,25-096.65
D08,3/26/25,D082025032692651637,pettyk@battelleecology.org,SIRFER Lab at University of Utah,FedEx,Ground,# 880082799243,N,BBC.DELA047672.2024.2-10.POOL.CN,A00000460811,bbc_chemistryPooling_in.cnSampleID,toxicodendronPossible,DELA_047.basePlot.bbc,2024-07-22T11:49,,,25-096.66
D08,3/26/25,D082025032692651637,pettyk@battelleecology.org,SIRFER Lab at University of Utah,FedEx,Ground,# 880082799243,N,BBC.DELA048561.2024.0-1.POOL.CN,A00000460795,bbc_chemistryPooling_in.cnSampleID,standardSample,DELA_048.basePlot.bbc,2024-07-22T11:09,,,25-096.67
D08,3/26/25,D082025032692651637,pettyk@battelleecology.org,SIRFER Lab at University of Utah,FedEx,Ground,# 880082799243,N,BBC.DELA048561.2024.1-2.POOL.CN,A00000460860,bbc_chemistryPooling_in.cnSampleID,standardSample,DELA_048.basePlot.bbc,2024-07-22T11:09,,,25-096.68
D08,3/26/25,D082025032692651637,pettyk@battelleecology.org,SIRFER Lab at University of Utah,FedEx,Ground,# 880082799243,N,BBC.DELA048561.2024.2-10.POOL.CN,A00000460844,bbc_chemistryPooling_in.cnSampleID,standardSample,DELA_048.basePlot.bbc,2024-07-22T11:09,,,25-096.69
D08,3/26/25,D082025032692651637,pettyk@battelleecology.org,SIRFER Lab at University of Utah,FedEx,Ground,# 880082799243,N,BBC.DELA048779.2024.0-1.POOL.CN,A00000460828,bbc_chemistryPooling_in.cnSampleID,standardSample,DELA_048.basePlot.bbc,2024-07-22T10:55,,,25-096.70
D08,3/26/25,D082025032692651637,pettyk@battelleecology.org,SIRFER Lab at University of Utah,FedEx,Ground,# 880082799243,N,BBC.DELA048779.2024.1-2.POOL.CN,A00000460812,bbc_chemistryPooling_in.cnSampleID,standardSample,DELA_048.basePlot.bbc,2024-07-22T10:55,,,25-096.71
D08,3/26/25,D082025032692651637,pettyk@battelleecology.org,SIRFER Lab at University of Utah,FedEx,Ground,# 880082799243,N,BBC.DELA048779.2024.2-10.POOL.CN,A00000460796,bbc_chemistryPooling_in.cnSampleID,standardSample,DELA_048.basePlot.bbc,2024-07-22T10:55,,,25-096.72
D08,3/26/25,D082025032692651637,pettyk@battelleecology.org,SIRFER Lab at University of Utah,FedEx,Ground,# 880082799243,N,BBC.DELA050036.2024.0-1.POOL.CN,A00000460861,bbc_chemistryPooling_in.cnSampleID,standardSample,DELA_050.basePlot.bbc,2024-07-23T11:11,,,25-096.73
D08,3/26/25,D082025032692651637,pettyk@battelleecology.org,SIRFER Lab at University of Utah,FedEx,Ground,# 880082799243,N,BBC.DELA050036.2024.1-2.POOL.CN,A00000460841,bbc_chemistryPooling_in.cnSampleID,standardSample,DELA_050.basePlot.bbc,2024-07-23T11:11,,,25-096.74
D08,3/26/25,D082025032692651637,pettyk@battelleecology.org,SIRFER Lab at University of Utah,FedEx,Ground,# 880082799243,N,BBC.DELA050036.2024.2-10.POOL.CN,A00000460825,bbc_chemistryPooling_in.cnSampleID,standardSample,DELA_050.basePlot.bbc,2024-07-23T11:11,,,25-096.75
D08,3/26/25,D082025032692651637,pettyk@battelleecology.org,SIRFER Lab at University of Utah,FedEx,Ground,# 880082799243,N,BBC.DELA050672.2024.0-1.POOL.CN,A00000460809,bbc_chemistryPooling_in.cnSampleID,toxicodendronPossible,DELA_050.basePlot.bbc,2024-07-23T11:28,,,25-096.76
D08,3/26/25,D082025032692651637,pettyk@battelleecology.org,SIRFER Lab at University of Utah,FedEx,Ground,# 880082799243,N,BBC.DELA050672.2024.1-2.POOL.CN,A00000460793,bbc_chemistryPooling_in.cnSampleID,toxicodendronPossible,DELA_050.basePlot.bbc,2024-07-23T11:28,,,25-096.77
D08,3/26/25,D082025032692651637,pettyk@battelleecology.org,SIRFER Lab at University of Utah,FedEx,Ground,# 880082799243,N,BBC.DELA050672.2024.2-10.POOL.CN,A00000460858,bbc_chemistryPooling_in.cnSampleID,toxicodendronPossible,DELA_050.basePlot.bbc,2024-07-23T11:28,,,25-096.78
D08,3/26/25,D082025032692651637,pettyk@battelleecology.org,SIRFER Lab at University of Utah,FedEx,Ground,# 880082799243,N,BBC.DELA051610.2024.0-1.POOL.CN,A00000460794,bbc_chemistryPooling_in.cnSampleID,toxicodendronPossible,DELA_051.basePlot.bbc,2024-07-18T12:25,,,25-096.79
D08,3/26/25,D082025032692651637,pettyk@battelleecology.org,SIRFER Lab at University of Utah,FedEx,Ground,# 880082799243,N,BBC.DELA051610.2024.1-2.POOL.CN,A00000460842,bbc_chemistryPooling_in.cnSampleID,toxicodendronPossible,DELA_051.basePlot.bbc,2024-07-18T12:25,,,25-096.80
D08,3/26/25,D082025032692651637,pettyk@battelleecology.org,SIRFER Lab at University of Utah,FedEx,Ground,# 880082799243,N,BBC.DELA051610.2024.2-10.POOL.CN,A00000460810,bbc_chemistryPooling_in.cnSampleID,toxicodendronPossible,DELA_051.basePlot.bbc,2024-07-18T12:25,,,25-096.81
D08,3/26/25,D082025032692651637,pettyk@battelleecology.org,SIRFER Lab at University of Utah,FedEx,Ground,# 880082799243,N,BBC.DELA051779.2024.0-1.POOL.CN,A00000460826,bbc_chemistryPooling_in.cnSampleID,standardSample,DELA_051.basePlot.bbc,2024-07-18T12:01,,,25-096.82
D08,3/26/25,D082025032692651637,pettyk@battelleecology.org,SIRFER Lab at University of Utah,FedEx,Ground,# 880082799243,N,BBC.DELA051779.2024.1-2.POOL.CN,A00000460859,bbc_chemistryPooling_in.cnSampleID,standardSample,DELA_051.basePlot.bbc,2024-07-18T12:01,,,25-096.83
D08,3/26/25,D082025032692651637,pettyk@battelleecology.org,SIRFER Lab at University of Utah,FedEx,Ground,# 880082799243,N,BBC.DELA051779.2024.2-10.POOL.CN,A00000460839,bbc_chemistryPooling_in.cnSampleID,standardSample,DELA_051.basePlot.bbc,2024-07-18T12:01,,,25-096.84
D08,3/26/25,D082025032692651637,pettyk@battelleecology.org,SIRFER Lab at University of Utah,FedEx,Ground,# 880082799243,N,BBC.DELA052267.2024.0-1.POOL.CN,A00000461000,bbc_chemistryPooling_in.cnSampleID,standardSample,DELA_052.basePlot.bbc,2024-07-18T08:39,,,25-096.85
D08,3/26/25,D082025032692651637,pettyk@battelleecology.org,SIRFER Lab at University of Utah,FedEx,Ground,# 880082799243,N,BBC.DELA052267.2024.1-2.POOL.CN,A00000461010,bbc_chemistryPooling_in.cnSampleID,standardSample,DELA_052.basePlot.bbc,2024-07-18T08:39,,,25-096.86
D08,3/26/25,D082025032692651637,pettyk@battelleecology.org,SIRFER Lab at University of Utah,FedEx,Ground,# 880082799243,N,BBC.DELA052267.2024.2-10.POOL.CN,A00000461020,bbc_chemistryPooling_in.cnSampleID,standardSample,DELA_052.basePlot.bbc,2024-07-18T08:39,,,25-096.87
D08,3/26/25,D082025032692651637,pettyk@battelleecology.org,SIRFER Lab at University of Utah,FedEx,Ground,# 880082799243,N,BBC.DELA052555.2024.0-1.POOL.CN,A00000461030,bbc_chemistryPooling_in.cnSampleID,standardSample,DELA_052.basePlot.bbc,2024-07-18T09:02,,,25-096.88
D08,3/26/25,D082025032692651637,pettyk@battelleecology.org,SIRFER Lab at University of Utah,FedEx,Ground,# 880082799243,N,BBC.DELA052555.2024.1-2.POOL.CN,A00000461029,bbc_chemistryPooling_in.cnSampleID,standardSample,DELA_052.basePlot.bbc,2024-07-18T09:02,,,25-096.89
D08,3/26/25,D082025032692651637,pettyk@battelleecology.org,SIRFER Lab at University of Utah,FedEx,Ground,# 880082799243,N,BBC.DELA052555.2024.2-10.POOL.CN,A00000461019,bbc_chemistryPooling_in.cnSampleID,standardSample,DELA_052.basePlot.bbc,2024-07-18T09:02,,,25-096.90
D08,3/26/25,D082025032692651637,pettyk@battelleecology.org,SIRFER Lab at University of Utah,FedEx,Ground,# 880082799243,N,BBC.DELA053692.2024.0-1.POOL.CN,A00000461009,bbc_chemistryPooling_in.cnSampleID,toxicodendronPossible,DELA_053.basePlot.bbc,2024-07-23T09:51,,,25-096.91
D08,3/26/25,D082025032692651637,pettyk@battelleecology.org,SIRFER Lab at University of Utah,FedEx,Ground,# 880082799243,N,BBC.DELA053692.2024.1-2.POOL.CN,A00000460999,bbc_chemistryPooling_in.cnSampleID,toxicodendronPossible,DELA_053.basePlot.bbc,2024-07-23T09:51,,,25-096.92
D08,3/26/25,D082025032692651637,pettyk@battelleecology.org,SIRFER Lab at University of Utah,FedEx,Ground,# 880082799243,N,BBC.DELA053692.2024.2-10.POOL.CN,A00000460989,bbc_chemistryPooling_in.cnSampleID,toxicodendronPossible,DELA_053.basePlot.bbc,2024-07-23T09:51,,,25-096.93
D08,3/26/25,D082025032692651637,pettyk@battelleecology.org,SIRFER Lab at University of Utah,FedEx,Ground,# 880082799243,N,BBC.DELA053781.2024.0-1.POOL.CN,A00000460971,bbc_chemistryPooling_in.cnSampleID,toxicodendronPossible,DELA_053.basePlot.bbc,2024-07-23T10:13,,,25-096.94
D08,3/26/25,D082025032692651637,pettyk@battelleecology.org,SIRFER Lab at University of Utah,FedEx,Ground,# 880082799243,N,BBC.DELA053781.2024.1-2.POOL.CN,A00000460981,bbc_chemistryPooling_in.cnSampleID,toxicodendronPossible,DELA_053.basePlot.bbc,2024-07-23T10:13,,,25-096.95
D08,3/26/25,D082025032692651637,pettyk@battelleecology.org,SIRFER Lab at University of Utah,FedEx,Ground,# 880082799243,N,BBC.DELA053781.2024.2-10.POOL.CN,A00000461247,bbc_chemistryPooling_in.cnSampleID,toxicodendronPossible,DELA_053.basePlot.bbc,2024-07-23T10:13,,,25-096.96
D08,3/26/25,D082025032692651637,pettyk@battelleecology.org,SIRFER Lab at University of Utah,FedEx,Ground,# 880082799243,N,BBC.DELA054135.2024.0-1.POOL.CN,A00000461237,bbc_chemistryPooling_in.cnSampleID,toxicodendronPossible,DELA_054.basePlot.bbc,2024-07-17T12:22,,,25-096.97
D08,3/26/25,D082025032692651637,pettyk@battelleecology.org,SIRFER Lab at University of Utah,FedEx,Ground,# 880082799243,N,BBC.DELA054135.2024.1-2.POOL.CN,A00000461227,bbc_chemistryPooling_in.cnSampleID,toxicodendronPossible,DELA_054.basePlot.bbc,2024-07-17T12:22,,,25-096.98
D08,3/26/25,D082025032692651637,pettyk@battelleecology.org,SIRFER Lab at University of Utah,FedEx,Ground,# 880082799243,N,BBC.DELA054135.2024.2-10.POOL.CN,A00000461028,bbc_chemistryPooling_in.cnSampleID,toxicodendronPossible,DELA_054.basePlot.bbc,2024-07-17T12:22,,,25-096.99
D08,3/26/25,D082025032692651637,pettyk@battelleecology.org,SIRFER Lab at University of Utah,FedEx,Ground,# 880082799243,N,BBC.DELA054678.2024.0-1.POOL.CN,A00000461018,bbc_chemistryPooling_in.cnSampleID,standardSample,DELA_054.basePlot.bbc,2024-07-17T12:32,,,25-096.100
D08,3/26/25,D082025032692651637,pettyk@battelleecology.org,SIRFER Lab at University of Utah,FedEx,Ground,# 880082799243,N,BBC.DELA054678.2024.1-2.POOL.CN,A00000461008,bbc_chemistryPooling_in.cnSampleID,standardSample,DELA_054.basePlot.bbc,2024-07-17T12:32,,,25-096.101
D08,3/26/25,D082025032692651637,pettyk@battelleecology.org,SIRFER Lab at University of Utah,FedEx,Ground,# 880082799243,N,BBC.DELA054678.2024.2-10.POOL.CN,A00000460998,bbc_chemistryPooling_in.cnSampleID,standardSample,DELA_054.basePlot.bbc,2024-07-17T12:32,,,25-096.102
D08,3/26/25,D082025032692651637,pettyk@battelleecology.org,SIRFER Lab at University of Utah,FedEx,Ground,# 880082799243,N,BBC.DELA055602.2024.0-1.POOL.CN,A00000460988,bbc_chemistryPooling_in.cnSampleID,toxicodendronPossible,DELA_055.basePlot.bbc,2024-07-17T08:47,,,25-096.103
D08,3/26/25,D082025032692651637,pettyk@battelleecology.org,SIRFER Lab at University of Utah,FedEx,Ground,# 880082799243,N,BBC.DELA055602.2024.1-2.POOL.CN,A00000460970,bbc_chemistryPooling_in.cnSampleID,toxicodendronPossible,DELA_055.basePlot.bbc,2024-07-17T08:47,,,25-096.104
D08,3/26/25,D082025032692651637,pettyk@battelleecology.org,SIRFER Lab at University of Utah,FedEx,Ground,# 880082799243,N,BBC.DELA055602.2024.2-10.POOL.CN,A00000460964,bbc_chemistryPooling_in.cnSampleID,toxicodendronPossible,DELA_055.basePlot.bbc,2024-07-17T08:47,,,25-096.105
D08,3/26/25,D082025032692651637,pettyk@battelleecology.org,SIRFER Lab at University of Utah,FedEx,Ground,# 880082799243,N,BBC.DELA055806.2024.0-1.POOL.CN,A00000461246,bbc_chemistryPooling_in.cnSampleID,standardSample,DELA_055.basePlot.bbc,2024-07-17T09:03,,,25-096.106
D08,3/26/25,D082025032692651637,pettyk@battelleecology.org,SIRFER Lab at University of Utah,FedEx,Ground,# 880082799243,N,BBC.DELA055806.2024.1-2.POOL.CN,A00000461236,bbc_chemistryPooling_in.cnSampleID,standardSample,DELA_055.basePlot.bbc,2024-07-17T09:03,,,25-096.107
D08,3/26/25,D082025032692651637,pettyk@battelleecology.org,SIRFER Lab at University of Utah,FedEx,Ground,# 880082799243,N,BBC.DELA055806.2024.2-10.POOL.CN,A00000461226,bbc_chemistryPooling_in.cnSampleID,standardSample,DELA_055.basePlot.bbc,2024-07-17T09:03,,,25-096.108
D08,3/26/25,D082025032692651637,pettyk@battelleecology.org,SIRFER Lab at University of Utah,FedEx,Ground,# 880082799243,N,BBC.DELA056643.2024.0-1.POOL.CN,A00000461027,bbc_chemistryPooling_in.cnSampleID,toxicodendronPossible,DELA_056.basePlot.bbc,2024-07-22T09:50,,,25-096.109
D08,3/26/25,D082025032692651637,pettyk@battelleecology.org,SIRFER Lab at University of Utah,FedEx,Ground,# 880082799243,N,BBC.DELA056643.2024.1-2.POOL.CN,A00000461017,bbc_chemistryPooling_in.cnSampleID,toxicodendronPossible,DELA_056.basePlot.bbc,2024-07-22T09:50,,,25-096.110
D08,3/26/25,D082025032692651637,pettyk@battelleecology.org,SIRFER Lab at University of Utah,FedEx,Ground,# 880082799243,N,BBC.DELA056643.2024.2-10.POOL.CN,A00000461007,bbc_chemistryPooling_in.cnSampleID,toxicodendronPossible,DELA_056.basePlot.bbc,2024-07-22T09:50,,,25-096.111
D08,3/26/25,D082025032692651637,pettyk@battelleecology.org,SIRFER Lab at University of Utah,FedEx,Ground,# 880082799243,N,BBC.DELA056851.2024.0-1.POOL.CN,A00000460997,bbc_chemistryPooling_in.cnSampleID,toxicodendronPossible,DELA_056.basePlot.bbc,2024-07-22T10:04,,,25-096.112
D08,3/26/25,D082025032692651637,pettyk@battelleecology.org,SIRFER Lab at University of Utah,FedEx,Ground,# 880082799243,N,BBC.DELA056851.2024.1-2.POOL.CN,A00000460987,bbc_chemistryPooling_in.cnSampleID,toxicodendronPossible,DELA_056.basePlot.bbc,2024-07-22T10:04,,,25-096.113
D08,3/26/25,D082025032692651637,pettyk@battelleecology.org,SIRFER Lab at University of Utah,FedEx,Ground,# 880082799243,N,BBC.DELA056851.2024.2-10.POOL.CN,A00000460969,bbc_chemistryPooling_in.cnSampleID,toxicodendronPossible,DELA_056.basePlot.bbc,2024-07-22T10:04,,,25-096.114
D08,3/26/25,D082025032692651637,pettyk@battelleecology.org,SIRFER Lab at University of Utah,FedEx,Ground,# 880082799243,N,BBC.DELA059363.2024.0-1.POOL.CN,A00000460963,bbc_chemistryPooling_in.cnSampleID,toxicodendronPossible,DELA_059.basePlot.bbc,2024-07-23T12:34,,,25-096.115
D08,3/26/25,D082025032692651637,pettyk@battelleecology.org,SIRFER Lab at University of Utah,FedEx,Ground,# 880082799243,N,BBC.DELA059363.2024.1-2.POOL.CN,A00000461245,bbc_chemistryPooling_in.cnSampleID,toxicodendronPossible,DELA_059.basePlot.bbc,2024-07-23T12:34,,,25-096.116
D08,3/26/25,D082025032692651637,pettyk@battelleecology.org,SIRFER Lab at University of Utah,FedEx,Ground,# 880082799243,N,BBC.DELA059363.2024.2-10.POOL.CN,A00000461235,bbc_chemistryPooling_in.cnSampleID,toxicodendronPossible,DELA_059.basePlot.bbc,2024-07-23T12:34,,,25-096.117
D08,3/26/25,D082025032692651637,pettyk@battelleecology.org,SIRFER Lab at University of Utah,FedEx,Ground,# 880082799243,N,BBC.DELA059653.2024.0-1.POOL.CN,A00000461225,bbc_chemistryPooling_in.cnSampleID,toxicodendronPossible,DELA_059.basePlot.bbc,2024-07-23T12:18,,,25-096.118
D08,3/26/25,D082025032692651637,pettyk@battelleecology.org,SIRFER Lab at University of Utah,FedEx,Ground,# 880082799243,N,BBC.DELA059653.2024.1-2.POOL.CN,A00000461026,bbc_chemistryPooling_in.cnSampleID,toxicodendronPossible,DELA_059.basePlot.bbc,2024-07-23T12:18,,,25-096.119
D08,3/26/25,D082025032692651637,pettyk@battelleecology.org,SIRFER Lab at University of Utah,FedEx,Ground,# 880082799243,N,BBC.DELA059653.2024.2-10.POOL.CN,A00000461016,bbc_chemistryPooling_in.cnSampleID,toxicodendronPossible,DELA_059.basePlot.bbc,2024-07-23T12:18,,,25-096.120